24,12,3,1,11,1,2,1,2,58,1,5
81,25,9,8,12,13,1,8,20,24,1,4
39,21,5,1,18,3,4,1,2,58,1,8
32,5,4,3,5,0,4,2,7,16,1,5
10,2,1,1,2,0,1,0,2,24,2,10
20,2,4,1,2,0,4,2,2,16,1,3
19,7,1,3,7,0,0,1,7,58,1,1
16,4,2,2,4,0,0,2,5,24,2,8
16,3,2,2,2,1,2,0,4,99,2,5
22,2,4,1,2,0,4,2,2,16,2,1
15,6,2,1,6,0,1,1,2,58,2,2
24,9,2,3,9,0,1,1,7,58,1,8
24,9,2,3,9,0,1,1,7,99,1,8
73,20,10,7,19,1,6,4,16,99,1,8
15,6,2,1,6,0,1,1,2,99,2,2
18,8,2,1,6,2,2,0,2,99,3,5
30,11,2,3,9,2,2,0,7,99,2,2
291,125,37,15,64,61,25,15,34,99,3,5
301,129,37,17,68,61,25,15,39,99,2,2
24,3,6,1,2,1,3,3,2,99,2,2
48,11,6,1,11,0,4,2,2,16,3,2
371,71,82,5,71,0,60,22,12,16,1,3
342,65,82,3,65,0,60,22,7,16,2,16
45,7,8,5,7,0,6,2,12,48,1,2
24,5,2,4,5,0,2,0,9,18,2,3
29,7,2,4,7,0,2,0,9,13,1,5
10,2,1,1,2,0,1,0,2,6,1,2
35,8,2,6,8,0,2,0,14,18,1,2
17,4,2,2,4,0,2,0,4,13,2,2
15,6,2,1,6,0,0,2,2,11,1,10
10,3,1,1,2,1,0,1,2,11,1,10
21,7,1,3,7,0,1,0,7,13,1,10
11,4,1,1,4,0,1,0,2,13,2,3
38,16,1,4,15,1,5,3,9,13,1,10
29,13,1,2,12,1,5,3,4,13,2,8
29,9,5,1,9,0,4,1,2,6,1,3
63,21,7,3,21,0,5,2,7,11,1,3
5,2,0,1,2,0,0,0,2,6,1,3
46,12,11,1,12,0,9,2,2,6,1,3
17,5,3,1,5,0,2,1,2,6,1,3
16,5,2,1,5,0,2,0,2,11,2,16
25,6,4,1,6,0,4,0,2,6,1,3
41,15,4,1,15,0,4,0,2,11,2,16
30,9,3,3,9,0,2,1,7,11,1,3
16,4,2,2,4,0,1,2,4,13,1,10
9,2,1,1,2,0,0,1,2,6,1,5
8,2,1,1,2,0,0,1,2,13,1,2
13,4,2,1,4,0,1,1,2,58,1,5
10,4,1,1,4,0,0,1,2,58,2,2
17,5,3,1,4,1,2,1,2,58,1,2
24,9,4,1,9,0,2,2,2,58,1,5
9,3,0,1,3,0,1,0,2,6,1,2
36,15,4,3,13,2,3,1,7,26,2,16
27,12,4,1,10,2,3,1,2,26,3,1
10,4,1,1,4,0,0,1,2,26,2,5
45,18,4,5,16,2,3,1,12,26,1,16
27,11,1,3,9,2,2,2,7,11,1,16
18,8,1,1,6,2,2,2,2,11,2,3
27,12,4,1,10,2,3,1,2,26,3,1
19,7,1,3,7,0,0,1,7,26,1,2
36,15,4,3,13,2,3,1,7,26,2,3
45,18,4,5,16,2,3,1,12,26,1,16
36,15,4,3,13,2,3,1,7,26,2,16
19,7,1,3,7,0,0,1,7,26,1,3
10,4,1,1,4,0,0,1,2,26,2,4
10,4,1,1,4,0,0,1,2,26,2,3
45,18,4,5,16,2,3,1,12,26,1,16
27,12,4,1,10,2,3,1,2,26,3,3
19,7,1,3,7,0,0,1,7,26,1,3
36,15,4,3,13,2,3,1,7,26,2,3
27,12,4,1,10,2,3,1,2,26,3,5
33,13,6,1,4,9,5,1,2,6,1,10
12,5,1,1,5,0,0,1,2,6,1,16
17,2,4,1,2,0,2,2,2,36,2,3
28,10,5,1,5,5,4,1,2,36,2,3
82,24,13,5,15,9,8,5,12,36,1,1
45,18,4,5,16,2,3,1,12,26,1,16
29,11,5,1,5,6,4,1,2,36,1,1
11,2,2,1,2,0,1,1,2,36,1,16
113,60,24,1,60,0,16,8,2,11,1,16
115,62,24,1,62,0,16,8,2,11,1,16
9,2,1,1,2,0,1,0,2,36,2,3
22,7,1,3,7,0,1,0,7,36,1,10
18,9,1,1,5,4,0,1,2,9,1,10
10,4,1,1,4,0,0,1,2,26,2,3
45,18,4,5,16,2,3,1,12,26,1,16
27,12,4,1,10,2,3,1,2,26,3,5
19,7,1,3,7,0,0,1,7,26,1,4
19,7,1,3,7,0,0,1,7,26,1,2
10,4,1,1,4,0,0,1,2,26,2,4
9,2,1,1,2,0,1,0,2,11,2,3
36,15,4,3,13,2,3,1,7,26,2,16
22,7,1,3,7,0,1,0,7,11,1,16
12,3,2,1,3,0,1,1,2,45,2,1
27,12,4,1,10,2,3,1,2,26,3,3
9,2,0,1,2,0,0,0,2,16,1,4
9,2,0,1,2,0,0,0,2,16,1,4
36,15,4,3,13,2,3,1,7,26,2,16
9,2,0,1,2,0,0,0,2,16,1,4
48,28,0,3,19,9,0,0,7,11,1,5
22,14,0,1,9,5,0,0,2,11,2,2
10,4,1,1,4,0,0,1,2,26,2,5
45,18,4,5,16,2,3,1,12,26,1,16
18,2,4,1,2,0,4,0,2,16,1,5
22,2,4,1,2,0,4,0,2,16,2,1
22,2,4,1,2,0,4,0,2,16,2,1
32,5,4,3,5,0,4,0,7,16,1,5
32,5,4,3,5,0,4,0,7,16,1,5
7,2,0,1,2,0,0,0,2,6,1,4
18,2,4,1,2,0,4,0,2,16,1,5
19,7,1,3,7,0,0,1,7,26,1,2
9,3,0,1,2,1,0,0,2,6,1,10
22,2,4,1,2,0,4,0,2,16,2,1
93,22,14,13,22,0,12,2,16,45,2,1
10,2,1,1,2,0,1,0,2,45,2,1
145,34,21,19,34,0,16,5,31,45,1,1
10,2,1,1,2,0,1,0,2,45,1,1
9,3,1,1,3,0,0,1,2,45,1,1
32,5,4,3,5,0,4,0,7,16,1,5
18,2,4,1,2,0,4,0,2,16,1,2
60,35,3,3,32,3,0,3,7,51,3,3
20,12,1,1,11,1,0,1,2,51,4,4
25,5,0,3,5,0,0,0,7,51,1,1
13,2,0,1,2,0,0,0,2,51,2,1
71,14,0,8,9,5,8,0,22,26,1,1
48,32,3,1,29,3,0,3,2,51,4,4
56,21,1,7,20,1,0,1,17,51,1,5
44,18,1,5,17,1,0,1,12,51,2,1
32,15,1,3,14,1,0,1,7,51,3,10
84,41,3,7,38,3,0,3,17,51,1,4
72,38,3,5,35,3,0,3,12,51,2,1
24,12,0,1,4,8,0,2,2,26,2,2
61,18,2,5,12,6,2,2,12,26,1,5
36,15,2,3,9,6,2,2,7,26,2,1
27,12,2,1,6,6,2,2,2,26,3,3
28,7,1,3,6,1,0,1,7,36,2,8
13,4,1,1,3,1,0,1,2,36,3,10
14,2,0,1,2,0,0,0,2,36,1,5
36,15,0,3,7,8,0,2,7,26,1,4
28,7,1,3,6,1,0,1,7,36,2,1
13,4,1,1,3,1,0,1,2,36,3,10
43,10,1,5,9,1,0,1,12,36,1,3
48,19,8,1,8,11,5,3,2,11,1,8
15,2,3,1,2,0,3,0,2,11,1,8
14,5,2,1,2,3,1,1,2,11,1,10
11,4,1,1,4,0,1,0,2,13,2,1
16,7,2,1,2,5,1,1,2,11,1,4
21,7,1,3,7,0,1,0,7,13,1,10
21,7,1,3,7,0,1,0,7,13,1,16
13,4,1,1,3,1,1,0,2,60,3,4
11,2,2,1,2,0,1,1,2,60,3,4
11,4,1,1,4,0,1,0,2,13,2,2
17,9,1,1,4,5,0,1,2,60,3,4
17,2,4,1,2,0,2,2,2,60,3,4
39,18,6,1,5,13,5,1,2,60,4,16
37,19,5,1,5,14,4,1,2,60,3,4
13,4,1,1,3,1,1,0,2,60,3,4
24,11,0,1,2,9,0,2,2,46,1,2
19,7,1,3,7,0,0,1,7,26,1,2
10,4,1,1,4,0,0,1,2,26,2,4
87,42,10,5,34,8,9,1,12,26,1,8
25,11,0,3,3,8,0,0,7,14,1,3
53,18,8,1,18,0,6,6,2,46,2,2
87,36,8,1,26,10,12,6,2,46,4,3
72,26,9,4,26,0,7,6,9,46,1,4
11,5,1,1,5,0,0,1,2,46,1,16
184,72,16,8,62,10,20,14,18,46,1,4
174,68,16,6,58,10,20,14,14,46,2,2
128,59,12,3,49,10,14,8,7,46,3,8
87,36,8,1,26,10,12,6,2,46,4,5
72,26,9,4,26,0,7,6,9,46,1,4
53,18,8,1,18,0,6,6,2,46,2,2
24,11,0,1,2,9,0,2,2,46,1,5
184,72,16,8,62,10,20,14,18,46,1,4
174,68,16,6,58,10,20,14,14,46,2,1
128,59,12,3,49,10,14,8,7,46,3,3
47,32,4,1,30,2,3,1,2,91,4,4
31,19,3,1,18,1,2,1,2,91,3,10
11,2,2,1,2,0,1,1,2,6,1,5
11,5,1,1,5,0,0,1,2,46,1,4
15,2,2,1,2,0,1,1,2,21,2,8
14,2,3,1,2,0,1,2,2,99,1,5
15,2,2,1,2,0,1,1,2,21,2,3
24,5,2,3,5,0,1,1,7,21,1,16
13,4,2,1,4,0,1,1,2,6,1,2
28,5,4,1,5,0,2,2,2,68,3,2
24,5,2,3,5,0,1,1,7,21,1,8
63,10,10,5,10,0,6,4,12,68,1,16
17,4,2,2,4,0,0,2,5,14,2,2
29,7,2,4,7,0,0,2,10,14,1,16
50,7,9,3,7,0,5,4,6,68,2,8
22,11,2,1,8,3,0,2,2,31,2,10
27,11,1,1,2,9,0,3,2,31,1,16
22,2,0,1,2,0,0,0,2,31,1,1
10,4,1,1,4,0,0,1,2,30,2,10
44,11,1,5,10,1,0,1,12,36,1,3
18,8,2,1,6,2,2,0,2,30,3,5
77,27,3,3,11,16,0,11,7,31,1,10
11,5,0,1,3,2,0,0,2,15,1,5
47,24,1,1,8,16,0,5,2,31,2,1
41,18,3,3,15,3,0,3,7,31,1,16
9,3,1,1,3,0,0,1,2,21,1,16
38,17,0,3,9,8,0,2,7,21,1,8
26,14,0,1,6,8,0,2,2,21,2,1
12,2,0,1,2,0,0,0,2,21,1,1
27,4,4,1,4,0,2,2,2,68,2,8
18,3,1,2,2,1,1,0,4,68,2,3
52,14,5,6,9,5,3,2,13,68,2,8
47,23,0,3,8,15,0,0,8,22,1,5
21,5,3,2,3,2,2,1,4,68,3,2
8,2,1,1,2,0,0,1,2,68,1,8
277,89,33,21,49,40,19,14,51,60,2,3
289,92,34,23,52,40,20,14,56,60,1,5
13,4,0,2,4,0,0,0,5,7,1,5
34,7,3,3,5,2,2,1,7,22,2,8
15,6,2,1,6,0,1,1,2,11,2,2
24,9,2,3,9,0,1,1,7,11,1,8
18,4,2,1,2,2,2,0,2,22,3,2
43,10,3,5,8,2,2,1,12,22,1,1
13,5,1,1,4,1,0,1,2,26,2,3
25,8,1,3,7,1,0,1,7,26,1,2
13,5,1,1,4,1,0,1,2,26,2,1
9,2,0,1,2,0,0,0,2,26,1,16
94,31,13,7,15,16,8,5,16,60,3,4
17,2,0,1,2,0,0,0,2,21,1,4
12,3,2,1,2,1,1,1,2,68,2,3
25,8,1,3,7,1,0,1,7,26,1,2
16,8,1,1,7,1,0,1,2,21,3,4
18,11,0,1,1,10,0,0,1,13,1,5
78,39,10,3,31,8,9,1,7,26,2,10
7,3,0,1,3,0,0,0,2,44,1,10
69,36,10,1,28,8,9,1,2,26,3,3
75,29,6,5,23,6,0,6,12,21,1,8
63,26,6,3,20,6,0,6,7,21,2,3
13,4,1,1,2,2,0,1,2,6,1,5
13,4,1,1,3,1,1,0,2,60,4,16
17,2,4,1,2,0,2,2,2,60,4,10
8,2,1,1,2,0,0,1,2,6,1,8
18,9,1,1,5,4,0,1,2,31,1,10
18,9,1,1,5,4,0,1,2,31,1,3
27,15,3,1,11,4,0,3,2,31,1,3
327,141,61,1,107,34,46,15,2,77,2,1
8,2,1,1,2,0,0,1,2,6,1,3
23,9,1,3,9,0,0,1,7,81,1,8
43,17,7,2,14,3,5,2,4,33,1,8
326,194,41,3,149,45,36,5,7,77,2,1
9,2,1,1,2,0,0,1,2,16,3,10
14,6,1,1,6,0,0,1,2,81,2,3
317,191,41,1,146,45,36,5,2,77,3,10
25,6,1,3,6,0,1,0,7,81,1,8
36,9,1,5,8,1,0,1,12,16,1,3
317,191,41,1,146,45,36,5,2,77,2,2
168,123,12,3,113,10,11,1,7,77,2,1
22,6,1,3,5,1,0,1,7,16,2,2
9,3,1,1,3,0,0,1,2,81,1,8
11,2,2,1,2,0,1,1,2,33,1,3
101,59,9,5,55,4,6,3,12,76,1,2
9,2,1,1,2,0,1,0,2,81,1,8
74,44,7,3,41,3,5,2,7,76,2,1
9,3,1,1,3,0,0,1,2,81,1,8
39,24,4,1,22,2,3,1,2,76,3,1
9,2,1,1,2,0,1,0,2,81,1,8
23,8,4,1,6,2,3,1,2,33,1,8
1646,899,226,24,714,185,189,37,58,77,1,5
159,120,12,1,110,10,11,1,2,77,3,10
293,113,59,1,72,41,49,10,2,77,2,1
11,2,2,1,2,0,1,1,2,28,2,5
35,15,5,1,6,9,4,1,2,28,2,5
85,28,9,8,18,10,7,2,19,28,1,3
12,2,2,1,2,0,2,0,2,28,2,5
18,9,1,1,5,4,0,1,2,9,1,3
12,2,2,1,2,0,2,0,2,28,1,3
36,9,6,3,2,7,4,2,6,10,1,3
48,15,10,1,10,5,5,5,2,25,1,8
21,7,1,3,7,0,1,0,7,14,1,2
11,4,1,1,4,0,1,0,2,14,2,3
29,3,3,1,2,1,3,1,2,11,2,10
5,2,0,1,2,0,0,0,2,6,1,16
10,4,0,1,3,1,0,0,2,6,1,1
9,3,0,1,2,1,0,0,2,6,1,1
19,5,0,3,3,2,0,0,8,12,1,16
37,11,0,7,11,0,0,0,18,22,1,1
38,12,3,4,9,3,2,1,9,18,2,1
51,15,4,6,12,3,3,2,14,18,1,1
26,8,0,5,8,0,0,0,13,22,2,8
5,2,0,1,2,0,0,0,2,22,3,4
41,6,4,3,5,1,4,1,7,11,1,5
29,13,1,2,12,1,5,3,4,13,2,1
38,16,1,4,15,1,5,3,9,13,1,1
12,3,2,1,2,1,1,1,2,25,1,8
19,8,2,1,6,2,2,0,2,18,3,3
11,4,1,1,4,0,1,0,2,13,2,1
21,7,1,3,7,0,1,0,7,13,1,2
15,5,2,1,2,3,1,1,2,11,1,5
9,2,1,1,2,0,1,0,2,8,1,2
10,4,1,1,4,0,0,1,2,86,3,2
44,7,6,3,6,1,8,0,7,86,1,5
31,19,3,1,18,1,2,1,2,91,3,10
31,4,6,1,3,1,8,0,2,86,2,2
104,60,7,7,57,3,5,2,17,91,2,4
58,36,4,3,34,2,3,1,7,91,3,10
218,121,14,17,115,6,10,4,42,91,1,8
101,57,7,7,54,3,5,2,17,91,2,8
56,34,4,3,32,2,3,1,7,91,3,10
46,31,4,1,29,2,3,1,2,91,4,4
104,62,7,7,59,3,5,2,17,91,2,1
33,21,3,1,20,1,2,1,2,91,3,10
57,36,4,3,34,2,3,1,7,91,3,8
48,33,4,1,31,2,3,1,2,91,4,4
32,9,3,3,9,0,2,1,7,16,1,10
7,3,0,1,3,0,0,0,2,18,1,5
30,12,5,1,5,7,4,1,2,51,2,1
30,7,1,4,7,0,1,0,9,18,1,5
14,5,2,1,5,0,1,1,2,16,2,10
70,28,13,1,9,19,12,1,2,51,2,1
31,10,6,1,2,8,5,1,2,21,1,16
18,9,1,1,5,4,0,1,2,9,1,4
11,4,1,1,4,0,0,1,2,6,1,10
17,5,3,1,2,3,2,1,2,21,1,4
21,6,4,1,6,0,2,2,2,51,2,1
16,4,3,1,2,2,2,1,2,21,1,4
238,87,39,11,41,46,33,6,27,51,1,8
23,8,4,1,4,4,3,1,2,51,2,4
17,5,3,1,2,3,2,1,2,21,1,4
62,23,12,1,7,16,11,1,2,51,2,1
77,46,6,3,46,0,0,6,7,86,1,5
8,2,1,1,2,0,0,1,2,11,1,5
63,41,6,1,41,0,0,6,2,86,2,2
8,2,1,1,2,0,0,1,2,86,1,5
21,6,4,1,6,0,2,2,2,51,1,16
33,20,3,1,19,1,2,1,2,91,3,10
19,7,1,3,7,0,0,1,7,86,1,16
18,9,1,1,5,4,0,1,2,9,1,2
20,11,2,1,10,1,1,1,2,91,2,2
10,4,1,1,4,0,0,1,2,86,2,5
24,8,4,1,8,0,4,0,2,16,1,4
9,2,1,1,2,0,1,0,2,18,2,3
168,123,12,3,113,10,11,1,7,77,2,1
159,120,12,1,110,10,11,1,2,77,3,10
271,104,48,7,47,57,46,2,17,86,1,5
216,116,15,17,109,7,10,5,42,91,1,3
211,86,36,5,38,48,34,2,12,86,2,2
26,12,3,1,10,2,2,1,2,91,2,10
177,126,12,5,116,10,11,1,12,77,2,1
174,73,30,3,29,44,28,2,7,86,3,8
168,123,12,3,113,10,11,1,7,77,3,10
85,37,15,1,16,21,14,1,2,86,4,16
58,17,5,9,17,0,3,3,17,86,1,5
159,120,12,1,110,10,11,1,2,77,4,4
177,126,12,5,116,10,11,1,12,77,1,5
46,14,5,7,14,0,3,3,12,86,2,2
42,23,3,3,22,1,2,1,7,91,2,10
9,2,1,1,2,0,1,0,2,39,1,2
9,2,1,1,2,0,1,1,2,21,1,8
82,7,2,5,7,0,20,1,12,21,1,3
12,2,2,1,2,0,2,1,2,21,2,5
20,7,2,1,3,4,1,1,2,39,1,4
21,5,4,1,4,1,3,1,2,39,1,2
22,6,4,1,4,2,3,1,2,39,1,4
28,12,4,1,12,0,2,2,2,39,1,4
12,3,1,1,3,0,2,2,2,39,1,4
11,2,1,1,2,0,1,0,2,67,1,2
11,2,1,1,2,0,1,0,2,67,1,1
37,10,6,3,7,3,4,2,7,67,1,3
21,6,4,1,4,2,3,1,2,67,2,10
33,9,5,3,7,2,3,2,7,67,1,3
21,6,4,1,4,2,3,1,2,67,2,2
8,2,1,1,2,0,0,1,2,79,1,4
272,81,37,21,48,33,36,8,55,79,1,2
244,74,32,19,41,33,31,8,50,79,2,5
148,44,20,11,21,23,19,8,28,79,3,3
89,27,12,6,11,16,13,5,16,79,4,4
32,11,3,3,8,3,3,0,8,79,3,3
10,2,1,1,2,0,1,0,2,6,1,10
18,10,0,1,5,5,0,0,2,6,1,4
15,4,2,1,2,2,1,1,2,51,2,10
32,11,3,3,8,3,3,0,8,79,3,5
8,2,1,1,2,0,0,1,2,79,1,8
22,5,2,3,5,0,2,0,7,51,1,10
8,2,1,1,2,0,0,1,2,79,1,4
12,3,1,1,3,0,0,1,2,6,1,10
8,2,1,1,2,0,0,1,2,79,1,4
24,7,2,3,5,2,1,1,7,51,1,8
17,10,0,2,10,0,0,0,4,8,1,8
8,2,1,1,2,0,0,1,2,79,1,2
51,8,0,6,8,0,6,0,13,24,1,10
8,2,1,1,2,0,0,1,2,79,1,8
22,4,3,3,4,0,4,2,5,9,1,10
8,2,1,1,2,0,0,1,2,79,1,8
8,2,1,1,2,0,0,1,2,19,1,10
281,86,37,21,48,38,38,8,55,79,1,2
30,5,0,4,5,0,6,0,8,24,2,1
253,79,32,19,41,38,33,8,50,79,2,5
155,49,20,11,21,28,21,8,28,79,3,5
94,30,12,6,11,19,15,5,16,79,4,4
34,6,2,4,6,0,5,0,10,19,1,4
12,2,1,1,2,0,2,0,2,51,1,10
62,26,8,2,24,2,2,6,5,36,2,10
39,12,5,2,12,0,3,2,4,28,1,3
71,29,8,4,27,2,2,6,10,36,1,10
12,2,1,1,2,0,2,0,2,51,1,10
23,3,2,2,3,0,4,0,5,19,2,16
10,2,1,1,2,0,2,0,2,19,1,10
22,5,2,3,5,0,2,0,7,51,1,8
12,2,2,1,2,0,2,0,2,51,2,2
12,2,2,1,2,0,1,1,2,19,1,10
24,7,2,3,5,2,1,1,7,51,1,8
31,18,1,1,10,8,0,1,2,36,2,10
20,5,4,1,3,2,3,1,2,16,1,8
40,21,1,3,13,8,0,1,7,36,1,10
28,6,2,4,6,0,0,2,10,14,1,10
19,3,4,1,3,0,4,0,2,6,1,2
9,3,1,1,3,0,0,1,2,11,1,4
10,2,1,1,2,0,1,0,2,6,1,10
20,7,2,2,7,0,2,0,4,36,2,10
8,2,1,1,2,0,0,1,2,79,1,8
8,2,1,1,2,0,0,1,2,11,1,5
32,10,2,4,10,0,2,0,9,36,1,10
12,3,1,1,3,0,0,1,2,6,1,8
19,3,2,2,3,0,0,2,5,14,2,1
58,19,12,1,11,8,8,4,2,31,1,16
16,4,3,1,2,2,2,1,2,31,1,8
46,7,8,4,7,0,7,1,8,12,1,10
26,5,4,3,5,0,3,1,7,51,1,16
17,2,4,1,2,0,3,1,2,51,2,8
21,4,2,2,3,1,2,0,4,24,1,3
12,2,2,1,2,0,2,0,2,51,2,2
98,34,5,12,22,12,8,0,26,30,1,16
48,18,3,6,12,6,6,0,12,30,2,1
15,3,3,1,2,1,2,1,2,18,1,4
54,11,7,7,11,0,7,0,16,20,1,4
8,2,1,1,2,0,0,1,2,18,1,4
31,7,7,1,4,3,5,2,2,16,1,2
24,6,5,1,3,3,4,1,2,16,1,2
21,6,4,1,4,2,3,1,2,67,2,4
12,2,2,1,2,0,2,0,2,51,2,2
8,2,1,1,2,0,0,1,2,67,1,1
12,2,1,1,2,0,2,0,2,51,1,10
31,10,0,4,10,0,3,0,7,16,2,4
17,2,4,1,2,0,3,1,2,51,2,10
33,9,5,3,7,2,3,2,7,67,1,10
52,13,0,6,13,0,3,0,12,16,1,10
22,5,2,3,5,0,2,0,7,51,1,10
22,9,2,1,4,5,0,2,2,102,1,8
12,2,1,1,2,0,2,0,2,51,1,10
13,5,1,1,5,0,1,0,2,81,2,4
12,4,1,1,4,0,1,0,2,67,2,3
8,2,1,1,2,0,0,1,2,67,1,1
9,3,1,1,3,0,0,1,2,11,1,16
15,7,1,1,6,1,0,1,2,11,2,2
10,4,1,1,4,0,0,1,2,11,1,4
11,2,2,1,2,0,1,1,2,18,1,4
24,7,1,3,7,0,1,0,7,67,1,10
70,19,10,5,17,2,6,4,12,31,1,3
13,5,1,1,5,0,1,0,2,81,2,3
50,24,4,2,24,0,2,2,4,19,2,2
12,2,2,1,2,0,2,0,2,51,2,5
23,11,1,3,11,0,0,1,7,81,1,1
24,10,1,3,9,1,0,1,7,11,1,10
26,5,4,3,5,0,3,1,7,51,1,10
13,4,2,1,4,0,1,1,2,31,2,16
33,14,4,1,12,2,3,1,2,28,1,3
14,8,1,1,8,0,0,1,2,81,2,10
20,8,3,1,6,2,2,1,2,31,2,3
15,4,2,1,2,2,1,1,2,51,2,2
25,8,1,3,8,0,1,0,7,81,1,8
136,67,11,6,65,2,6,5,13,19,1,3
22,5,2,3,5,0,2,0,7,51,1,10
13,3,1,1,3,0,1,0,2,81,2,3
23,11,1,3,11,0,0,1,7,81,1,1
14,8,1,1,8,0,0,1,2,81,2,16
25,8,1,3,8,0,1,0,7,81,1,8
10,2,1,1,2,0,2,0,2,6,1,10
38,16,1,4,15,1,5,3,9,13,1,3
11,4,1,1,4,0,1,0,2,13,2,3
92,40,12,2,9,31,7,5,5,47,3,5
20,7,3,1,5,2,2,1,2,52,2,3
51,17,7,4,13,4,5,2,9,52,1,8
20,5,2,2,4,1,2,0,4,47,2,2
69,18,10,5,17,1,6,4,11,47,1,16
21,7,1,3,7,0,1,0,7,13,1,8
10,2,1,1,2,0,2,0,2,6,1,2
8,3,0,1,3,0,1,0,2,35,2,10
78,26,10,5,15,11,6,4,12,16,1,3
214,136,8,7,21,115,17,8,19,44,1,1
39,17,6,1,9,8,2,4,2,16,3,4
57,20,8,3,12,8,4,4,7,16,2,10
40,14,7,1,6,8,6,1,2,28,2,5
14,6,1,1,6,0,2,0,2,35,3,10
28,10,1,3,10,0,4,0,7,35,2,10
79,23,1,11,23,0,10,0,27,35,1,2
25,5,6,1,5,0,4,2,1,9,2,1
40,9,8,3,9,0,6,2,5,9,1,3
16,2,0,1,2,0,0,0,2,6,1,1
8,2,0,1,2,0,0,0,2,6,1,10
34,4,1,3,4,0,0,6,7,35,2,10
51,7,1,5,7,0,0,6,12,35,1,3
27,11,1,2,10,1,5,3,4,10,1,2
29,13,1,2,12,1,5,3,4,13,2,2
9,1,0,1,1,0,2,0,1,35,2,10
26,4,1,3,4,0,4,0,7,35,1,3
21,2,0,1,2,0,5,0,2,35,2,2
33,4,1,2,4,0,6,0,6,35,1,2
16,2,0,1,2,0,0,0,2,6,1,3
21,7,1,3,7,0,1,0,7,13,1,8
16,2,0,1,2,0,0,0,2,6,1,10
12,2,0,1,2,0,0,0,2,6,1,10
141,113,2,3,15,98,0,2,7,25,1,8
21,3,0,1,2,1,0,0,2,6,1,10
11,4,1,1,4,0,1,0,2,13,2,10
12,2,0,1,2,0,0,0,2,6,1,8
13,3,0,1,2,1,0,0,2,6,1,10
16,2,0,1,2,0,0,0,2,6,1,10
12,2,0,1,2,0,0,0,2,6,1,10
18,8,2,1,6,2,2,0,2,31,2,10
12,2,0,1,2,0,0,0,2,6,1,10
54,19,3,5,12,7,2,1,12,31,2,16
20,3,0,1,2,1,2,0,2,6,1,10
24,5,5,1,2,3,4,1,2,6,1,10
23,5,0,1,2,3,0,0,2,6,1,10
105,36,6,11,27,9,4,2,27,31,1,16
41,19,1,4,15,4,5,3,9,15,1,8
32,16,1,2,12,4,5,3,4,15,2,16
12,2,2,1,2,0,2,0,2,28,1,3
90,27,11,8,18,9,9,2,19,28,1,4
12,2,2,1,2,0,2,0,2,28,2,5
11,2,2,1,2,0,1,1,2,28,2,5
36,9,6,3,2,7,4,2,6,10,1,3
18,9,1,1,5,4,0,1,2,9,1,3
16,2,0,1,2,0,0,0,2,6,1,10
9,4,0,1,2,2,0,0,2,48,1,1
13,2,0,1,2,0,0,0,2,6,1,10
17,6,2,1,2,4,2,0,2,48,1,8
18,3,0,1,2,1,2,0,2,6,1,10
11,4,1,1,3,1,1,0,2,44,1,5
16,2,0,1,2,0,0,0,2,6,1,10
82,50,4,4,20,30,0,4,9,44,1,1
13,3,0,1,2,1,0,0,2,6,1,3
15,2,0,1,2,0,0,0,2,6,1,10
21,6,4,1,6,0,2,2,2,6,1,1
12,2,0,1,2,0,0,0,2,6,1,10
19,5,0,1,2,3,0,0,2,6,1,10
25,10,4,1,10,0,2,2,2,25,1,1
14,3,0,1,2,1,0,0,2,6,1,3
15,9,0,1,2,7,0,0,2,25,2,10
39,15,4,1,6,9,9,3,2,6,1,1
10,4,1,1,4,0,0,1,2,21,2,1
12,2,0,1,2,0,0,0,2,6,1,10
23,8,4,1,7,1,2,2,2,25,1,1
38,12,0,4,8,4,6,0,9,13,1,16
10,4,1,1,4,0,0,1,2,21,2,1
19,7,1,3,7,0,0,1,7,21,1,5
67,34,10,1,22,12,7,3,2,11,2,2
19,7,1,3,7,0,0,1,7,21,1,10
10,4,1,1,4,0,0,1,2,31,2,2
76,37,10,3,25,12,7,3,7,11,1,1
23,10,3,1,6,4,2,1,2,31,3,16
14,4,1,1,2,2,0,1,2,11,1,2
34,11,2,5,9,2,0,2,8,17,2,4
10,3,1,1,2,1,1,0,2,11,1,10
41,11,3,7,11,0,1,2,13,78,1,1
6,2,0,1,2,0,0,0,2,37,1,2
32,8,3,5,8,0,1,2,8,78,2,5
11,3,1,1,2,1,1,0,2,11,1,5
28,9,1,3,7,2,0,1,7,78,1,8
15,4,1,1,3,1,0,1,2,78,2,2
11,2,2,1,2,0,1,1,2,54,1,5
6,2,0,1,2,0,0,0,2,37,1,1
77,39,9,4,33,6,6,3,9,54,2,8
28,16,3,1,14,2,2,1,2,54,3,8
6,2,0,1,2,0,0,0,2,37,1,2
20,11,2,1,10,1,1,1,2,54,2,2
6,2,0,1,2,0,0,0,2,37,1,2
6,2,0,1,2,0,0,0,2,37,1,4
6,2,0,1,2,0,0,0,2,37,1,4
28,11,2,2,10,1,2,0,4,54,2,8
35,14,4,3,12,2,3,1,7,54,1,5
26,11,4,1,9,2,3,1,2,54,2,2
45,20,2,3,12,8,0,2,7,86,1,5
33,17,2,1,9,8,0,2,2,86,2,2
10,2,1,1,2,0,1,0,2,6,1,2
30,6,3,3,5,1,2,1,7,78,1,1
21,3,3,1,2,1,2,1,2,78,2,3
77,20,16,5,13,7,14,2,8,17,2,1
88,25,16,7,18,7,14,2,13,17,1,8
30,6,3,3,5,1,2,1,7,78,2,16
12,3,2,1,3,0,1,1,2,51,2,8
21,3,3,1,2,1,2,1,2,78,3,5
23,8,2,3,8,0,1,1,7,51,1,8
30,6,3,3,5,1,2,1,7,78,2,2
16,6,1,1,4,2,0,1,2,21,2,10
21,3,3,1,2,1,2,1,2,78,3,16
24,5,2,3,5,0,1,1,7,78,2,10
12,5,1,1,4,1,1,0,2,21,2,3
15,2,2,1,2,0,1,1,2,78,3,16
24,8,1,3,7,1,1,0,7,21,1,1
10,3,1,1,2,1,1,0,2,11,1,3
12,4,1,1,2,2,0,1,2,11,1,1
14,4,1,1,2,2,0,1,2,11,1,1
16,6,1,1,4,2,0,1,2,21,2,1
25,9,1,3,7,2,0,1,7,21,1,1
13,5,1,1,4,1,1,0,2,21,2,1
25,8,1,3,7,1,1,0,7,21,1,10
106,25,9,10,25,0,7,2,24,48,1,1
42,10,4,3,10,0,3,1,7,48,2,2
57,6,8,3,5,1,8,0,7,32,2,1
21,6,2,1,3,3,2,0,2,32,3,4
39,3,8,1,2,1,8,0,2,32,3,10
24,8,1,3,7,1,1,0,7,21,1,10
14,6,1,1,4,2,0,1,2,21,2,3
25,9,1,3,7,2,0,1,7,21,1,1
12,5,1,1,4,1,1,0,2,21,2,10
23,9,1,3,7,2,0,1,7,21,1,16
7,3,0,1,3,0,0,0,2,24,1,2
33,8,4,2,7,1,2,2,4,13,2,2
16,4,2,1,4,0,2,0,2,48,2,2
47,11,5,4,10,1,2,3,9,13,1,1
19,5,2,1,5,0,2,0,2,48,3,2
49,9,5,4,9,0,4,1,9,48,2,2
16,4,2,1,4,0,2,0,2,48,2,2
40,9,5,3,9,0,4,1,7,48,1,1
18,4,2,1,4,0,2,0,2,48,3,3
33,7,4,3,7,0,3,1,7,48,1,1
14,5,0,1,3,2,0,0,2,51,2,8
30,10,0,3,7,3,0,0,7,51,1,8
42,10,8,1,8,2,6,2,2,51,1,8
34,6,8,1,4,2,6,2,2,51,1,10
34,6,8,1,4,2,6,2,2,51,1,10
36,9,6,3,2,7,4,2,6,10,1,2
18,9,1,1,5,4,0,1,2,9,1,2
12,2,2,1,2,0,2,0,2,28,1,2
79,25,8,8,18,7,6,2,19,28,1,2
12,2,2,1,2,0,2,0,2,28,2,5
11,2,2,1,2,0,1,1,2,28,2,5
47,15,4,3,7,8,3,1,7,51,1,8
29,12,4,1,6,6,3,1,2,28,2,5
42,10,8,1,8,2,6,2,2,51,1,8
77,22,8,7,15,7,6,2,13,17,1,1
68,19,8,5,12,7,6,2,8,17,2,3
30,7,2,3,5,2,2,0,7,11,1,5
31,10,4,1,3,7,3,1,2,51,2,2
37,11,2,3,7,4,2,0,7,32,2,8
18,4,2,1,2,2,2,0,2,11,2,5
47,16,2,7,13,3,0,2,13,17,1,5
29,13,1,2,12,1,5,3,4,13,2,4
93,44,11,4,44,0,8,3,10,14,1,4
31,8,4,2,6,2,2,2,4,13,2,10
45,11,5,4,9,2,2,3,9,13,1,10
28,9,1,4,9,0,1,0,9,15,1,2
16,4,2,1,2,2,2,0,2,54,2,10
40,9,5,3,6,3,4,1,7,54,1,10
16,6,1,2,6,0,1,0,4,15,2,4
38,16,1,4,15,1,5,3,9,13,1,2
16,4,2,1,2,2,2,0,2,54,2,10
54,19,5,6,18,1,4,1,14,18,1,4
42,16,5,4,15,1,4,1,9,18,2,4
33,13,5,2,12,1,4,1,4,18,3,4
29,12,1,4,12,0,1,0,10,14,1,4
78,37,11,2,37,0,8,3,5,14,2,16
42,10,4,3,8,2,3,1,7,54,2,10
19,8,1,2,8,0,1,0,5,14,2,4
33,12,3,4,11,1,1,2,10,14,1,2
24,9,3,2,8,1,1,2,5,14,2,4
9,2,1,1,2,0,1,0,2,6,1,4
33,7,4,3,5,2,3,1,7,54,1,10
18,4,2,1,2,2,2,0,2,54,3,3
49,9,5,4,6,3,4,1,9,54,2,10
19,5,2,1,3,2,2,0,2,54,3,3
27,6,2,4,6,0,2,0,10,14,1,2
17,3,2,2,3,0,2,0,5,14,2,3
29,7,2,4,7,0,2,0,9,13,1,2
17,4,2,2,4,0,2,0,4,13,2,3
10,2,1,1,2,0,1,0,2,6,1,5
11,2,2,1,2,0,1,1,2,22,1,2
53,7,10,3,2,5,6,4,8,22,1,4
50,6,12,2,2,4,8,4,5,61,3,5
9,2,1,1,2,0,1,0,2,61,2,16
11,2,2,1,2,0,1,1,2,61,2,2
11,2,2,1,2,0,1,1,2,22,1,2
11,2,2,1,2,0,1,1,2,61,1,5
13,4,1,1,2,2,2,0,2,26,3,3
31,4,7,2,2,2,3,4,4,61,1,2
9,2,1,1,2,0,1,0,2,6,1,5
10,3,2,1,2,1,1,1,2,61,2,4
171,32,20,19,18,14,15,6,47,61,1,3
30,10,1,3,7,3,2,0,7,16,1,5
9,2,1,1,2,0,1,0,2,16,1,4
8,2,1,1,2,0,0,1,2,21,1,16
13,4,1,1,2,2,2,0,2,16,2,10
15,4,2,1,2,2,2,1,2,21,2,10
32,8,4,3,5,3,4,1,7,21,1,4
20,8,1,3,8,0,0,1,7,36,1,5
15,3,3,1,2,1,2,1,2,21,1,4
56,21,4,5,14,7,7,1,12,36,1,5
11,5,1,1,5,0,0,1,2,36,2,3
44,18,3,3,11,7,6,1,7,36,2,10
26,9,2,3,8,1,2,0,7,36,1,5
34,15,3,1,8,7,6,1,2,36,3,3
48,30,3,1,2,28,3,0,2,28,1,5
16,6,2,1,5,1,2,0,2,36,2,10
138,77,8,5,12,65,8,0,12,28,2,10
171,84,12,8,17,67,9,3,19,28,1,5
18,7,2,1,3,4,2,0,2,28,3,3
19,8,2,1,3,5,2,0,2,28,3,5
44,7,8,5,7,0,6,2,11,47,1,5
7,3,0,1,3,0,0,0,2,34,1,5
96,22,8,11,22,0,17,5,23,34,1,1
14,6,1,1,6,0,0,1,2,6,1,5
39,2,0,1,2,0,0,16,2,9,1,5
8,2,0,1,2,0,0,1,2,9,1,5
35,4,8,3,4,0,6,2,6,47,2,3
117,28,18,16,28,0,14,4,29,47,1,2
11,2,2,1,2,0,1,1,2,11,2,3
12,3,1,1,3,0,0,1,2,6,1,2
4,1,0,1,1,0,0,0,1,5,1,3
108,25,18,14,25,0,14,4,24,47,2,3
20,5,2,3,5,0,1,1,7,11,1,5
14,4,0,2,4,0,1,1,4,8,1,4
29,13,3,1,5,8,3,0,2,6,1,5
13,4,1,1,2,2,2,0,2,26,2,10
32,11,1,3,7,4,2,0,7,26,1,4
48,19,4,3,5,14,5,0,7,26,2,16
71,29,4,5,13,16,5,0,12,26,1,4
250,123,0,1,123,0,0,0,124,128,1,1
30,13,0,1,13,0,0,0,14,18,1,1
130,63,0,1,63,0,0,0,64,68,1,1
160,97,18,3,85,12,15,3,7,46,1,5
149,92,18,1,80,12,15,3,2,46,2,3
57,19,4,1,2,17,6,6,2,66,1,8
213,68,20,7,17,51,33,13,17,66,1,4
37,13,7,1,10,3,5,2,2,19,1,4
192,120,23,1,94,26,18,5,2,46,2,8
181,115,21,1,90,25,17,4,2,46,1,2
22,7,4,1,5,2,3,1,2,19,1,10
162,105,18,1,83,22,15,3,2,46,1,1
28,10,5,1,7,3,4,1,2,19,1,10
155,98,18,1,92,6,12,6,2,46,1,10
84,48,11,1,42,6,6,5,2,46,1,5
138,84,17,1,68,16,12,5,2,46,1,3
202,124,23,3,98,26,18,5,7,46,1,4
25,7,5,1,6,1,4,1,2,47,1,2
34,9,3,7,9,0,2,4,12,47,1,4
8,2,1,1,2,0,0,1,2,62,1,4
90,49,10,4,21,28,4,6,10,47,1,4
34,6,4,3,6,0,4,0,8,12,1,4
16,7,2,1,7,0,0,2,2,47,1,4
59,12,8,7,11,1,8,0,16,20,1,4
31,7,4,1,7,0,2,2,2,24,1,1
46,10,4,2,10,0,4,0,5,24,1,4
22,7,0,2,7,0,0,0,5,9,1,4
8,2,1,1,2,0,0,1,2,62,1,4
8,2,1,1,2,0,0,1,2,62,1,2
8,2,1,1,2,0,0,1,2,62,1,4
24,5,3,2,4,1,2,2,5,31,1,4
11,3,1,1,2,1,2,0,2,31,1,4
12,2,2,1,2,0,2,1,2,31,1,4
48,17,6,1,14,3,8,2,2,76,2,10
38,12,6,2,10,2,5,2,4,31,1,16
274,109,33,6,74,35,39,10,14,76,1,1
176,62,22,13,40,22,19,8,33,62,2,1
204,69,27,15,47,22,24,8,38,62,1,4
94,34,12,6,20,14,11,5,16,62,4,4
159,57,20,11,35,22,17,8,28,62,3,2
247,96,16,8,47,49,34,14,20,76,1,1
232,91,15,6,42,49,33,14,15,76,2,5
208,84,13,3,35,49,31,14,7,76,3,5
103,44,6,1,18,26,15,7,2,76,4,1
457,171,41,27,89,82,39,4,72,86,1,2
122,47,18,2,36,11,19,3,4,76,2,8
8,2,1,1,2,0,0,1,2,86,1,4
112,52,10,1,28,24,16,6,2,76,2,5
70,35,6,3,19,16,6,2,7,76,1,2
57,31,5,1,15,16,5,2,2,76,2,10
70,23,8,3,20,3,10,2,7,76,1,3
9,2,1,1,2,0,1,0,2,86,1,4
15,7,1,1,3,4,0,1,2,86,2,5
36,2,0,1,2,0,10,0,1,21,1,3
18,7,1,1,3,4,2,1,2,31,1,4
68,20,7,1,2,18,14,3,2,66,3,4
115,54,10,5,21,33,10,0,13,86,2,4
46,29,3,1,6,23,3,0,2,86,3,3
18,9,1,1,5,4,0,1,2,86,2,5
46,29,3,1,6,23,3,0,2,86,3,2
291,100,49,7,46,54,40,13,17,66,1,2
19,7,3,1,6,1,2,1,2,66,2,2
68,30,11,1,22,8,10,1,2,66,2,3
116,26,26,1,10,16,21,7,2,66,2,10
32,11,4,3,9,2,3,1,7,66,1,1
22,7,4,1,5,2,3,1,2,66,2,2
44,14,7,3,11,3,5,2,7,66,1,5
22,7,4,1,5,2,3,1,2,66,2,2
18,5,1,3,5,0,0,1,7,26,1,16
18,4,4,1,3,1,3,1,2,66,2,4
7,3,0,1,3,0,0,0,2,6,1,3
171,59,13,3,9,50,27,12,7,66,2,10
30,8,5,3,8,0,3,2,7,26,1,3
9,2,1,1,2,0,0,1,2,26,2,2
10,2,1,1,2,0,2,0,2,26,1,3
21,5,5,1,5,0,3,2,2,26,2,2
119,58,10,5,25,33,10,0,13,86,2,16
7,3,0,1,3,0,0,0,2,6,1,1
7,3,0,1,3,0,0,0,2,11,1,8
7,3,0,1,3,0,0,0,2,11,1,1
17,8,2,1,8,0,1,1,2,123,3,3
26,11,2,3,11,0,1,1,7,123,2,8
157,81,15,7,58,23,14,1,17,123,3,10
167,84,15,9,61,23,14,1,22,123,2,8
33,19,3,1,13,6,3,0,2,123,5,2
45,22,3,3,16,6,3,0,7,123,4,1
286,130,22,24,103,27,17,5,59,123,1,10
12,5,1,1,5,0,1,0,2,123,2,8
12,5,1,1,5,0,1,0,2,123,3,3
26,8,2,3,8,0,2,0,7,123,2,8
12,3,1,1,3,0,1,0,2,14,2,5
22,6,1,3,6,0,1,0,7,14,1,16
81,30,12,1,17,13,9,3,2,6,1,10
8,3,0,1,2,1,0,0,2,6,1,10
20,8,1,3,8,0,0,1,7,123,1,1
16,7,1,1,3,4,0,1,2,123,1,1
16,7,2,1,5,2,1,1,2,123,1,10
359,23,0,21,23,0,134,143,42,46,1,8
11,5,1,1,5,0,0,1,2,123,2,8
26,8,2,3,8,0,2,0,7,123,1,1
9,3,0,1,2,1,0,0,2,6,1,4
70,39,0,7,19,20,0,0,18,22,1,3
61,36,0,5,16,20,0,0,13,22,2,8
15,2,3,1,2,0,3,0,2,123,1,2
21,7,3,1,5,2,2,1,2,123,2,1
12,5,1,1,5,0,1,0,2,123,2,8
26,8,2,3,8,0,2,0,7,123,1,1
37,20,4,1,13,7,4,0,2,123,4,4
11,5,1,1,5,0,0,1,2,123,2,8
11,5,1,1,5,0,0,1,2,123,2,10
33,10,4,3,8,2,2,2,7,123,1,1
14,5,2,1,5,0,1,1,2,123,1,4
95,32,20,1,32,0,10,10,2,102,2,10
207,35,51,3,35,0,31,20,7,102,1,10
72,27,12,1,9,18,11,1,2,26,2,5
12,3,1,1,2,1,0,1,2,33,1,3
11,2,2,1,2,0,1,1,2,26,2,5
9,2,1,1,2,0,1,0,2,26,2,5
123,43,18,5,19,24,14,4,12,26,1,2
44,16,5,1,8,8,4,1,2,33,2,3
25,7,1,3,5,2,1,0,7,33,1,3
36,15,4,1,4,11,3,1,2,33,1,3
61,19,7,3,11,8,4,3,7,33,1,1
9,2,1,1,2,0,1,0,2,11,2,5
18,9,1,1,5,4,0,1,2,9,1,2
22,7,1,3,7,0,1,0,7,26,1,2
18,3,2,2,2,1,2,0,4,8,1,1
33,13,6,1,4,9,5,1,2,6,1,3
12,3,2,1,2,1,1,1,2,102,4,10
8,2,1,1,2,0,0,1,2,102,3,3
13,2,2,1,2,0,0,2,2,102,4,3
9,2,1,1,2,0,1,0,2,102,2,2
8,2,1,1,2,0,0,1,2,102,3,3
9,2,1,1,2,0,1,0,2,102,1,3
9,2,1,1,2,0,1,0,2,102,2,2
128,29,11,13,19,10,8,12,29,102,3,3
349,77,65,20,60,17,40,34,46,102,2,2
11,2,2,1,2,0,1,1,2,102,4,10
8,2,1,1,2,0,0,1,2,102,4,10
22,7,1,3,7,0,1,0,7,11,1,2
68,17,0,4,6,11,14,0,13,22,2,8
11,2,2,1,2,0,1,1,2,188,2,2
87,23,16,2,3,20,10,6,4,188,2,8
16,3,3,1,3,0,2,1,2,102,1,10
15,9,0,1,6,3,0,0,2,102,1,3
523,113,78,28,95,18,53,34,66,102,1,3
15,3,3,1,3,0,2,1,2,102,1,2
104,30,14,7,25,5,8,6,17,188,2,8
64,20,10,3,15,5,6,4,7,188,4,2
84,25,12,5,20,5,7,5,12,188,3,3
30,10,5,1,7,3,3,2,2,188,5,16
43,13,6,3,9,4,4,2,6,188,2,8
17,8,2,1,8,0,1,1,2,188,3,3
15,3,3,1,2,1,2,1,2,188,2,1
15,2,3,1,2,0,3,0,2,16,1,4
13,4,2,1,2,2,1,1,2,188,2,10
47,20,8,1,15,5,6,2,2,23,1,4
11,2,2,1,2,0,1,1,2,23,1,1
17,6,2,1,2,4,1,1,2,16,1,4
38,23,4,1,9,14,0,4,2,16,1,10
18,9,1,1,5,4,0,1,2,9,1,4
28,10,5,1,7,3,4,1,2,23,1,4
14,4,2,1,2,2,2,0,2,16,1,10
16,4,3,1,2,2,2,1,2,16,1,4
17,8,0,1,0,8,4,0,1,8,1,10
12,3,2,1,3,0,1,1,2,16,1,10
7,2,0,1,0,2,0,0,1,13,1,2
31,11,0,3,3,8,0,0,7,14,1,2
21,11,0,1,1,10,0,0,1,13,1,8
25,10,2,3,9,1,1,1,7,11,1,4
14,2,2,1,2,0,3,0,2,11,1,10
16,6,1,1,2,4,0,1,2,11,1,2
24,8,1,3,7,1,1,0,7,11,1,4
16,7,2,1,6,1,1,1,2,11,2,8
24,9,2,3,9,0,1,1,7,11,1,4
12,5,1,1,4,1,1,0,2,11,2,10
79,23,1,11,23,0,10,0,27,35,1,3
15,6,2,1,6,0,1,1,2,11,2,8
11,4,1,1,4,0,1,0,2,13,2,8
21,7,1,3,7,0,1,0,7,13,1,4
56,17,7,5,11,6,5,2,10,19,2,8
68,20,7,7,14,6,5,2,15,19,1,4
27,11,1,2,10,1,5,3,4,10,1,16
41,12,6,3,6,6,4,2,5,19,3,4
17,7,2,1,6,1,1,1,2,11,2,10
29,10,2,3,9,1,1,1,7,11,1,4
13,3,1,1,2,1,1,0,2,33,2,3
21,2,0,1,2,0,5,0,2,15,1,3
33,4,0,3,4,0,0,5,7,15,1,3
27,11,1,2,10,1,5,3,4,10,1,16
29,13,1,2,12,1,5,3,4,13,2,4
38,16,1,4,15,1,5,3,9,13,1,3
10,2,1,1,2,0,2,0,2,6,1,16
8,3,0,1,3,0,1,0,2,35,2,2
14,6,1,1,6,0,2,0,2,35,3,10
28,10,1,3,10,0,4,0,7,35,2,4
11,2,1,1,2,0,0,1,2,11,2,1
20,5,1,3,5,0,0,1,7,11,1,5
23,4,4,1,4,0,3,1,2,16,3,3
9,4,0,1,2,2,0,0,2,14,1,3
10,3,1,1,2,1,1,0,2,6,1,1
39,12,4,4,9,3,2,2,10,14,1,2
18,8,2,1,6,2,2,0,2,14,2,8
38,16,1,4,15,1,5,3,9,13,1,4
29,13,1,2,12,1,5,3,4,13,2,8
67,22,2,7,16,6,1,1,18,22,1,4
26,11,2,3,9,2,1,1,7,22,2,8
17,8,2,1,6,2,1,1,2,22,3,1
37,7,5,3,7,0,3,2,7,16,2,1
46,10,5,5,10,0,3,2,12,16,1,5
34,12,0,6,12,0,0,0,12,16,1,2
20,8,0,4,8,0,0,0,8,16,2,10
20,6,2,1,6,0,3,2,2,21,1,16
19,10,0,1,10,0,4,2,2,17,1,16
23,8,4,1,8,0,2,2,2,188,2,2
13,4,2,1,4,0,1,1,2,188,3,4
7,3,0,1,3,0,0,0,2,24,1,2
10,3,1,1,2,1,1,0,2,6,1,2
15,3,3,1,2,1,2,1,2,188,1,2
16,4,3,1,2,2,2,1,2,188,1,2
39,19,3,1,19,0,3,0,2,21,1,16
842,255,103,62,176,79,69,50,149,188,1,3
23,8,4,1,8,0,2,2,2,188,2,2
60,16,6,1,16,0,9,6,2,21,1,16
21,7,2,1,7,0,0,2,2,21,1,16
8,2,1,1,2,0,0,1,2,62,1,4
108,25,18,14,25,0,14,4,24,48,2,4
183,51,26,15,31,20,23,8,38,62,1,16
117,28,18,16,28,0,14,4,29,48,1,2
9,2,1,1,2,0,1,0,2,38,1,5
36,4,8,3,4,0,6,2,7,48,2,3
54,11,7,7,11,0,7,0,16,20,1,16
31,7,7,1,4,3,5,2,2,16,1,16
24,6,5,1,3,3,4,1,2,16,1,16
20,5,4,1,3,2,3,1,2,16,1,4
19,3,4,1,3,0,4,0,2,6,1,16
19,5,3,1,2,3,3,0,2,52,1,10
11,2,2,1,2,0,1,1,2,11,2,3
8,2,1,1,2,0,0,1,2,62,1,5
20,5,2,3,5,0,1,1,7,11,1,5
8,2,1,1,2,0,0,1,2,62,1,4
4,1,0,1,1,0,0,0,1,5,1,3
21,6,3,1,2,4,3,0,2,52,1,10
8,2,1,1,2,0,0,1,2,62,1,4
12,3,1,1,3,0,0,1,2,6,1,5
26,6,4,2,2,4,4,0,5,52,1,10
29,8,5,1,2,6,5,0,2,72,1,3
17,4,2,2,3,1,2,0,4,72,2,1
17,4,2,2,3,1,2,0,4,72,2,2
50,18,3,5,12,6,4,0,11,72,1,3
10,3,1,1,2,1,1,0,2,6,1,10
14,4,2,1,2,2,2,0,2,6,1,10
19,5,3,1,2,3,3,0,2,52,1,10
25,7,2,4,7,0,2,0,9,33,1,8
41,7,2,1,7,0,8,4,2,38,1,16
19,2,3,1,2,0,2,1,2,33,1,5
28,5,0,2,5,0,5,3,5,38,1,1
12,2,0,1,2,0,0,0,2,33,1,5
41,7,2,1,7,0,8,4,2,38,1,16
10,3,1,1,3,0,0,1,2,33,1,5
57,10,3,1,10,0,12,6,2,17,1,16
100,20,0,6,9,11,15,0,18,22,1,1
10,3,1,1,3,0,0,1,2,38,1,16
9,2,1,1,2,0,1,0,2,33,1,5
37,7,2,1,7,0,8,4,2,38,1,16
16,2,0,1,2,0,0,0,2,38,1,1
16,4,2,2,4,0,2,0,4,33,2,10
22,5,2,3,5,0,2,0,7,46,1,10
12,2,2,1,2,0,2,0,2,46,2,2
46,7,10,3,7,0,8,2,7,46,2,16
31,4,8,1,4,0,7,1,2,46,3,16
143,41,20,11,21,20,17,8,28,62,3,2
84,24,12,6,11,13,11,5,16,62,4,1
20,7,2,1,3,4,1,1,2,39,1,16
21,5,4,1,4,1,3,1,2,39,1,16
22,6,4,1,4,2,3,1,2,39,1,16
28,12,4,1,12,0,2,2,2,39,1,16
12,3,1,1,3,0,2,2,2,39,1,16
37,13,2,4,10,3,3,0,8,72,1,2
9,2,1,1,2,0,1,0,2,39,1,8
9,4,0,1,2,2,0,0,2,72,1,10
16,3,2,2,2,1,2,0,4,16,2,2
40,7,6,4,6,1,4,2,9,16,1,3
10,3,1,1,3,0,1,0,2,6,1,3
8,2,1,1,2,0,0,1,2,24,1,2
8,2,1,1,2,0,0,1,2,24,1,10
27,9,4,1,2,7,4,0,2,72,1,10
20,6,3,1,2,4,3,0,2,72,1,10
155,44,21,13,24,20,18,8,33,62,2,3
19,2,3,1,2,0,2,1,2,38,1,8
12,2,0,1,2,0,0,0,2,38,1,5
34,12,5,1,2,10,5,0,2,72,1,4
27,11,1,2,10,1,5,3,4,10,1,5
15,2,3,1,2,0,3,0,2,38,2,10
22,7,4,1,4,3,3,1,2,38,2,10
11,2,2,1,2,0,1,1,2,38,2,10
84,21,15,8,14,7,11,4,19,38,1,5
10,2,1,1,2,0,1,0,2,6,1,10
12,3,1,1,3,0,0,1,2,6,1,16
7,2,0,1,2,0,0,0,2,6,1,10
12,2,2,1,2,0,2,0,2,46,2,5
55,10,10,5,10,0,8,2,12,46,1,10
13,4,2,1,4,0,1,1,2,46,2,2
22,5,2,3,5,0,2,0,7,46,1,10
22,7,2,3,7,0,1,1,7,46,1,16
