Total normalized execution time = 86.38137435124342
13960001,1.0
13960122,0.9709802931245518
53140021,0.9364705882352942
23940001,1.0
35800004,0.9610894941634242
13120013,0.8699609882964889
13960127,1.0
53140030,0.7702832487094564
36650016,0.7255514054999677
13960099,0.9978822985956389
80840003,0.9838696693028862
64300001,0.6104417670682731
64300003,0.3359639470809808
62050003,0.8904235834049223
64300005,0.9822784281571236
68720012,0.7782117670868197
23940005,0.763653295503007
68720010,0.8326530612244898
14360002,0.9337694989829738
26690012,0.7636363636363637
13960108,1.0
41880003,0.992324197400915
54480013,0.6463642013673089
41880009,0.9201516207397372
13960076,0.9106840022611644
63080010,0.8379245272268162
63080012,0.9634200699096798
66670003,0.7603129011851824
63080015,0.9077105309282099
72430003,0.970820190154208
26690008,0.8236002408187839
72430005,0.9444444444444443
61780014,0.7239843193157519
61780011,0.6814718420068774
13960118,1.0
82770003,1.0
82770002,0.9090540035588425
61780009,0.710068271643154
13960081,0.9254249461335887
13960087,0.8173240525908739
46140004,0.9175240604079017
41880023,0.8490031850890646
27670007,1.0
63080006,0.7980456026058632
63080008,0.8298642533936652
55400013,1.0
7670001,0.784562646753901
73180001,0.9171548117154811
7670006,0.6118546845124283
13960047,0.9811691433109705
15300007,0.9187245590230665
68720045,0.6210705182667798
13960050,0.968531043410472
61780018,0.7041666324937738
61780015,0.8307567614987622
73180010,0.7891320243864767
34780001,0.8847961490471413
88180019,0.7944248570560817
19350024,0.7232390460343872
68720056,0.9896499093770867
23580011,1.0
13960066,0.9603423680456491
38040003,0.7820330735695495
72630002,1.0
15300020,0.7956999953771038
44450002,0.7894736842105263
56310004,0.636029411764706
2850008,0.9980212837891176
69920003,0.8827476038338659
15300023,0.9316770186335404
88180008,0.9279289596791769
88870004,0.9358695652173913
19350014,0.5852853843615968
61640018,0.9615513042549119
2840003,0.8709568888134457
50390006,0.7611814531347307
85690005,0.676661557298141
73180027,0.7555555555555555
50390004,0.7871622505803837
68720068,0.8733933161953727
19350019,0.7400732549458754
19330008,0.7196872222911721
27910008,0.654683413037704
27910005,0.6774159611861973
23580004,1.0
69920013,0.9766546140882814
19330011,0.80456930270148
19330014,0.9543094496365525
73210011,0.7323709050527485
81240001,0.9527796936190657
32900044,0.6495664739884394
46390003,0.9635590138880276
58370002,0.80179400841201
58370003,0.8033073489091548
58370005,0.7829508196721312
61640010,1.0
2030002,0.8183482870924669
61640017,0.9694541165445424
40000001,0.788310800682581
61640016,0.9299567772212605
73210006,0.5644661346699202
7670009,0.7196721311475409
