Total normalized execution time = 102.0
13960001,1.0
13960122,1.0
53140021,1.0
23940001,1.0
35800004,1.0
13120013,1.0
13960127,1.0
53140030,1.0
36650016,1.0
13960099,1.0
80840003,1.0
64300001,1.0
64300003,1.0
62050003,1.0
64300005,1.0
68720012,1.0
23940005,1.0
68720010,1.0
14360002,1.0
26690012,1.0
13960108,1.0
41880003,1.0
54480013,1.0
41880009,1.0
13960076,1.0
63080010,1.0
63080012,1.0
66670003,1.0
63080015,1.0
72430003,1.0
26690008,1.0
72430005,1.0
61780014,1.0
61780011,1.0
13960118,1.0
82770003,1.0
82770002,1.0
61780009,1.0
13960081,1.0
13960087,1.0
46140004,1.0
41880023,1.0
27670007,1.0
63080006,1.0
63080008,1.0
55400013,1.0
7670001,1.0
73180001,1.0
7670006,1.0
13960047,1.0
15300007,1.0
68720045,1.0
13960050,1.0
61780018,1.0
61780015,1.0
73180010,1.0
34780001,1.0
88180019,1.0
19350024,1.0
68720056,1.0
23580011,1.0
13960066,1.0
38040003,1.0
72630002,1.0
15300020,1.0
44450002,1.0
56310004,1.0
2850008,1.0
69920003,1.0
15300023,1.0
88180008,1.0
88870004,1.0
19350014,1.0
61640018,1.0
2840003,1.0
50390006,1.0
85690005,1.0
73180027,1.0
50390004,1.0
68720068,1.0
19350019,1.0
19330008,1.0
27910008,1.0
27910005,1.0
23580004,1.0
69920013,1.0
19330011,1.0
19330014,1.0
73210011,1.0
81240001,1.0
32900044,1.0
46390003,1.0
58370002,1.0
58370003,1.0
58370005,1.0
61640010,1.0
2030002,1.0
61640017,1.0
40000001,1.0
61640016,1.0
73210006,1.0
7670009,1.0
