Total normalized execution time = 100.08911683281276
13960001,1.0
13960122,0.9885871569029558
53140021,0.9411764705882353
23940001,1.0827964005573296
35800004,1.5966277561608302
13120013,1.0377113133940181
13960127,1.012464223063429
53140030,0.8880034179101315
36650016,0.7255514054999677
13960099,1.001431016040753
80840003,0.9869484204055503
64300001,0.7048192771084338
64300003,1.0
62050003,0.8904235834049223
64300005,1.455603068677022
68720012,0.7782117670868197
23940005,0.9290159183282709
68720010,0.8326530612244898
14360002,0.9670283890689325
26690012,0.9963636363636365
13960108,1.0400919662436041
41880003,0.992324197400915
54480013,0.7358607830950902
41880009,0.9201516207397372
13960076,0.9106840022611644
63080010,1.0219198796609006
63080012,0.9969969204569834
66670003,0.9177633170223455
63080015,0.9077105309282099
72430003,1.2435452318101687
26690008,0.8452739313666466
72430005,1.1747685185185184
61780014,1.0
61780011,1.0
13960118,1.0645768384878564
82770003,1.2697733626812913
82770002,0.9090540035588425
61780009,0.9117706161721019
13960081,1.0226238927459899
13960087,0.8173240525908739
46140004,1.0555744864404857
41880023,0.8490031850890646
27670007,1.263265306122449
63080006,0.7980456026058632
63080008,0.832579185520362
55400013,1.7658294086865518
7670001,0.784562646753901
73180001,1.011715481171548
7670006,0.6118546845124283
13960047,0.9811691433109705
15300007,0.9187245590230665
68720045,0.6210705182667798
13960050,0.968531043410472
61780018,0.8529253363296126
61780015,0.8545296075963882
73180010,0.789599678589353
34780001,1.0061265928400946
88180019,0.9000514994255834
19350024,0.8885191347753743
68720056,1.231851569207288
23580011,1.2167474421109317
13960066,0.9603423680456491
38040003,0.8717812550172283
72630002,1.497083157662827
15300020,0.7956999953771038
44450002,0.793233082706767
56310004,0.8648897058823529
2850008,1.2699947245122896
69920003,0.8853035143769968
15300023,1.0
88180008,1.0286327822598664
88870004,0.9358695652173913
19350014,0.5852853843615968
61640018,0.9615513042549119
2840003,0.8709568888134457
50390006,0.950330401946288
85690005,0.9685257446748853
73180027,0.8688888888888889
50390004,0.992770769014535
68720068,0.9820051413881747
19350019,0.7400732549458754
19330008,0.7196872222911721
27910008,0.8453681012982142
27910005,0.9063505619090053
23580004,1.0
69920013,1.0
19330011,1.1132240481961462
19330014,1.0
73210011,1.0277623542476402
81240001,0.9780437005925259
32900044,0.838150289017341
46390003,1.1569180616926003
58370002,2.4482311729126613
58370003,0.8566151210436593
58370005,1.0
61640010,1.0
2030002,0.8189126867988117
61640017,0.9694541165445424
40000001,0.9301143690444165
61640016,1.0360484294601102
73210006,0.9076699861504979
7670009,0.9934426229508196
