Total normalized execution time = 100.38715838267508
13960001,1.022133290841969
13960122,0.9709802931245518
53140021,1.0415686274509806
23940001,1.0780796540859474
35800004,0.9610894941634242
13120013,1.1553966189856955
13960127,1.1543717108300249
53140030,0.96905873297224
36650016,0.7255514054999677
13960099,0.9998665975014773
80840003,0.9838696693028862
64300001,0.7048192771084338
64300003,1.0
62050003,0.8904235834049223
64300005,0.9822784281571236
68720012,0.898665850739922
23940005,0.9290159183282709
68720010,1.0775510204081633
14360002,0.9338991498832758
26690012,0.9963636363636365
13960108,1.029668948102864
41880003,0.992324197400915
54480013,0.6463642013673089
41880009,0.9201516207397372
13960076,0.9106840022611644
63080010,0.8379245272268162
63080012,1.0270305913861768
66670003,0.9177633170223455
63080015,0.9946217259297905
72430003,1.1639086287054843
26690008,0.9247441300421433
72430005,1.1064814814814814
61780014,0.9508642195295794
61780011,0.9390291634232595
13960118,1.0380905280889585
82770003,1.2697733626812913
82770002,1.0520439035028621
61780009,1.0
13960081,1.0226238927459899
13960087,0.8173240525908739
46140004,1.071134553586354
41880023,0.8490031850890646
27670007,1.263265306122449
63080006,0.7980456026058632
63080008,0.8633484162895928
55400013,1.0
7670001,0.784562646753901
73180001,1.0
7670006,1.101338432122371
13960047,0.9811691433109705
15300007,0.9187245590230665
68720045,0.6210705182667798
13960050,1.0248580916938643
61780018,0.8806081134649401
61780015,1.0218853661318907
73180010,0.848556197872922
34780001,1.0061265928400946
88180019,0.9000514994255834
19350024,0.8885191347753743
68720056,1.304016025946771
23580011,1.2167474421109317
13960066,0.9603423680456491
38040003,0.8845512590927616
72630002,1.497083157662827
15300020,0.7956999953771038
44450002,0.793233082706767
56310004,0.7904411764705882
2850008,1.2699947245122896
69920003,0.8853035143769968
15300023,0.9316770186335404
88180008,1.0286327822598664
88870004,0.9358695652173913
19350014,0.5852853843615968
61640018,1.0
2840003,0.8709568888134457
50390006,0.8985028674023939
85690005,0.9908019683530698
73180027,0.7555555555555555
50390004,0.928670230554115
68720068,0.9820051413881747
19350019,0.7400732549458754
19330008,0.8810273779992553
27910008,0.922087350288118
27910005,1.1065275508688548
23580004,1.7727272727272727
69920013,1.0162177379407034
19330011,1.1167661887119527
19330014,1.2035306334371756
73210011,1.0277623542476402
81240001,0.9780437005925259
32900044,0.8843930635838151
46390003,1.3268664586211714
58370002,1.4882136260132552
58370003,0.8356601456910944
58370005,1.1088524590163935
61640010,1.1166939200237846
2030002,0.9430749560256012
61640017,1.0
40000001,1.0026882334196652
61640016,1.0360484294601102
73210006,0.9076699861504979
7670009,0.8081967213114754
