Total normalized execution time = 105.57302476905416
13960001,1.0322635762440797
13960122,0.9944903865451883
53140021,1.2031372549019608
23940001,1.026516223474362
35800004,1.5966277561608302
13120013,1.249674902470741
13960127,1.234604376327209
53140030,0.7702832487094564
36650016,0.7255514054999677
13960099,0.9995539342818383
80840003,1.0026126223187009
64300001,0.8313253012048193
64300003,0.3585991510945638
62050003,1.1216589520287683
64300005,1.1281122359890068
68720012,1.015026960922503
23940005,0.9923410995744089
68720010,1.2598639455782312
14360002,0.9454334289114203
26690012,0.8339393939393939
13960108,1.0477937404478703
41880003,1.217205781142464
54480013,1.038533250466128
41880009,1.0323040751330264
13960076,1.055398530243075
63080010,0.8869396971833192
63080012,0.9663771059309351
66670003,0.7603129011851824
63080015,0.9077105309282099
72430003,1.1682659109780238
26690008,0.954846478025286
72430005,1.1064814814814814
61780014,0.9508642195295794
61780011,0.9390291634232595
13960118,1.0563315143546284
82770003,1.1853522370780132
82770002,0.921961058318065
61780009,0.9117706161721019
13960081,1.0463251137179794
13960087,0.9754679040989945
46140004,1.5223341255080654
41880023,0.880712516220361
27670007,1.4275510204081634
63080006,0.8045602605863192
63080008,0.9484162895927601
55400013,1.7658294086865518
7670001,0.9958791774370198
73180001,1.0527196652719666
7670006,1.321223709369025
13960047,1.0112650740903297
15300007,1.4529172320217096
68720045,0.7476635514018691
13960050,0.9960353882720921
61780018,0.8529253363296126
61780015,0.8545296075963882
73180010,0.9098529135541419
34780001,0.9787585356596897
88180019,0.8634340873377438
19350024,0.8097615085967831
68720056,1.2568444147667652
23580011,1.0231556273559506
13960066,0.9985734664764622
38040003,0.7820330735695495
72630002,1.8366779999996259
15300020,0.9412109854236529
44450002,1.3026315789473684
56310004,0.636029411764706
2850008,1.1734549326898944
69920003,1.1198083067092652
15300023,1.2038396386222472
88180008,0.9403127595522077
88870004,0.9815217391304347
19350014,0.6956120092378754
61640018,1.0367118039632965
2840003,1.1282572418096966
50390006,0.950330401946288
85690005,0.9463873804828353
73180027,0.7555555555555555
50390004,0.9287060956045927
68720068,0.9370179948586117
19350019,0.7655375139977605
19330008,0.7673639858420538
27910008,0.9703137815074667
27910005,0.6774159611861973
23580004,1.3224101479915433
69920013,0.9766546140882814
19330011,0.9289136614230006
19330014,0.9543094496365525
73210011,0.9044975013881178
81240001,0.9900978049614931
32900044,0.838150289017341
46390003,1.051244605969775
58370002,2.4975694988755004
58370003,0.812970430091274
58370005,1.158688524590164
61640010,1.5234131113423515
2030002,0.9238688602131465
61640017,1.0540713033502718
40000001,1.0561101719059753
61640016,1.0678466377242757
73210006,1.001450900217635
7670009,1.1081967213114754
