Total normalized execution time = 102.24615870261256
13960001,1.0
13960122,0.9795396376152099
53140021,0.9411764705882353
23940001,1.0780796540859474
35800004,0.9610894941634242
13120013,0.8699609882964889
13960127,1.079032406979965
53140030,0.96905873297224
36650016,0.7255514054999677
13960099,1.001431016040753
80840003,1.0
64300001,0.7851405622489961
64300003,0.3695188242361682
62050003,1.192334143003684
64300005,0.9822784281571236
68720012,0.7782117670868197
23940005,0.892235789693557
68720010,1.0775510204081633
14360002,0.964322699928262
26690012,0.7684848484848484
13960108,1.0090573460030565
41880003,0.992324197400915
54480013,0.7358607830950902
41880009,0.9201516207397372
13960076,0.9106840022611644
63080010,1.0
63080012,1.0
66670003,0.9177633170223455
63080015,0.9406748814293076
72430003,1.1639086287054843
26690008,1.009030704394943
72430005,1.355324074074074
61780014,0.7239843193157519
61780011,0.9390291634232595
13960118,1.0563315143546284
82770003,1.2697733626812913
82770002,0.9147200919020361
61780009,0.8553836602972689
13960081,1.0226238927459899
13960087,0.8173240525908739
46140004,1.0555744864404857
41880023,0.8490031850890646
27670007,1.0622448979591836
63080006,0.9029315960912052
63080008,0.9049773755656109
55400013,1.9091226234083378
7670001,1.1292663873828772
73180001,1.011715481171548
7670006,1.101338432122371
13960047,0.9919117186030473
15300007,1.0822252374491181
68720045,0.8657604078164826
13960050,1.0212892259351882
61780018,0.8806081134649401
61780015,0.8307567614987622
73180010,0.8429154666893719
34780001,1.0061265928400946
88180019,1.0
19350024,0.7232390460343872
68720056,1.2568444147667652
23580011,1.2167474421109317
13960066,0.9603423680456491
38040003,0.8374973756036111
72630002,1.497083157662827
15300020,1.0356354170741333
44450002,0.793233082706767
56310004,0.8648897058823529
2850008,0.9980212837891176
69920003,1.1210862619808306
15300023,0.9316770186335404
88180008,1.0286327822598664
88870004,1.2532608695652174
19350014,0.7825140217749919
61640018,1.0070482968331915
2840003,1.088764257968994
50390006,0.993095875708131
85690005,0.9685257446748853
73180027,0.7555555555555555
50390004,1.1105719506225495
68720068,0.9627249357326477
19350019,0.7400732549458754
19330008,1.0104152756678235
27910008,0.922087350288118
27910005,0.9063505619090053
23580004,1.7727272727272727
69920013,1.0162177379407034
19330011,0.9943458984643322
19330014,1.2035306334371756
73210011,0.7323709050527485
81240001,0.9780437005925259
32900044,0.8843930635838151
46390003,1.2180519911302314
58370002,2.524975331951752
58370003,0.8033073489091548
58370005,1.2321311475409837
61640010,1.1166939200237846
2030002,0.8379239156676965
61640017,0.9942096659961276
40000001,1.0026882334196652
61640016,1.0360484294601102
73210006,0.9076699861504979
7670009,0.8081967213114754
