Total normalized execution time = 102.86320642360315
13960001,1.027995425929344
13960122,0.9806548719662839
53140021,0.9411764705882353
23940001,1.026516223474362
35800004,1.304798962386511
13120013,1.249674902470741
13960127,1.0
53140030,0.8117607180435995
36650016,0.8485155174033031
13960099,1.001431016040753
80840003,0.997797877575454
64300001,0.7530120481927711
64300003,0.3695188242361682
62050003,0.8904235834049223
64300005,1.1057149554350962
68720012,0.7782117670868197
23940005,0.9923410995744089
68720010,1.1891156462585035
14360002,0.9349934154716282
26690012,0.8315151515151514
13960108,1.029668948102864
41880003,1.217205781142464
54480013,0.9081727781230577
41880009,0.9480659888889613
13960076,0.9474279253815715
63080010,1.068056594450334
63080012,0.9952061756506618
66670003,1.0
63080015,1.0760044463012486
72430003,1.0
26690008,0.954846478025286
72430005,1.0856481481481481
61780014,1.0333214540270848
61780011,1.0
13960118,1.0380905280889585
82770003,1.1853522370780132
82770002,0.9147200919020361
61780009,0.9503619662643679
13960081,1.0226238927459899
13960087,0.8173240525908739
46140004,1.2714705459459394
41880023,0.8646573080099091
27670007,1.4102040816326529
63080006,1.0
63080008,0.8606334841628959
55400013,1.392464678178964
7670001,1.1292663873828772
73180001,1.0811715481171547
7670006,1.0936902485659656
13960047,0.9919117186030473
15300007,1.0924016282225237
68720045,0.8453695836873407
13960050,0.9957874510383564
61780018,0.8330476479481229
61780015,1.0
73180010,0.9098529135541419
34780001,0.9723328060006761
88180019,0.7944248570560817
19350024,0.7232390460343872
68720056,1.304016025946771
23580011,1.2167474421109317
13960066,1.0039942938659059
38040003,0.8374973756036111
72630002,1.7675449391709759
15300020,1.0356354170741333
44450002,1.3552631578947367
56310004,0.7306985294117647
2850008,1.2699947245122896
69920003,1.1210862619808306
15300023,1.0948616600790515
88180008,1.064057890549385
88870004,0.9500000000000001
19350014,0.6599802045529528
61640018,0.9615513042549119
2840003,1.088764257968994
50390006,0.8985028674023939
85690005,0.9685257446748853
73180027,1.041111111111111
50390004,0.8665238526818818
68720068,0.8943873179091688
19350019,0.8959499813363196
19330008,0.8940374392738999
27910008,1.0
27910005,0.9063505619090053
23580004,1.4186046511627906
69920013,1.1146687797120056
19330011,0.9289136614230006
19330014,0.9543094496365525
73210011,0.7323709050527485
81240001,1.0
32900044,0.8236994219653179
46390003,1.2491996287193363
58370002,1.0
58370003,1.0
58370005,1.158688524590164
61640010,1.5234131113423515
2030002,0.8828147556895728
61640017,1.0364380101415673
40000001,1.0026882334196652
61640016,1.0
73210006,1.001450900217635
7670009,0.7196721311475409
