Total normalized execution time = 98.93076825732753
13960001,1.0
13960122,0.9795396376152099
53140021,0.9411764705882353
23940001,1.0780796540859474
35800004,0.9610894941634242
13120013,1.0162548764629389
13960127,1.012464223063429
53140030,0.8880034179101315
36650016,0.7255514054999677
13960099,0.9995539342818383
80840003,0.9869484204055503
64300001,0.6104417670682731
64300003,0.3585991510945638
62050003,0.8904235834049223
64300005,1.455603068677022
68720012,0.7782117670868197
23940005,1.0
68720010,0.8326530612244898
14360002,0.9337694989829738
26690012,0.9963636363636365
13960108,1.0090573460030565
41880003,0.992324197400915
54480013,0.7358607830950902
41880009,0.9201516207397372
13960076,0.9106840022611644
63080010,1.0
63080012,0.9634200699096798
66670003,0.9177633170223455
63080015,0.9105365350896086
72430003,1.2435452318101687
26690008,0.8452739313666466
72430005,0.9444444444444443
61780014,1.0
61780011,1.0
13960118,1.0379639366232487
82770003,1.2697733626812913
82770002,0.9633339908348
61780009,0.8553836602972689
13960081,1.0226238927459899
13960087,1.0
46140004,1.002776167191341
41880023,0.8490031850890646
27670007,1.263265306122449
63080006,0.9234527687296417
63080008,0.9049773755656109
55400013,1.9091226234083378
7670001,0.9018365658827582
73180001,0.9171548117154811
7670006,1.101338432122371
13960047,0.9811691433109705
15300007,0.9187245590230665
68720045,0.6210705182667798
13960050,0.968531043410472
61780018,0.8529253363296126
61780015,0.8307567614987622
73180010,0.789599678589353
34780001,1.0
88180019,0.9000514994255834
19350024,0.8885191347753743
68720056,1.304016025946771
23580011,1.1106623586429727
13960066,0.9603423680456491
38040003,0.7937162687875906
72630002,1.497083157662827
15300020,0.7956999953771038
44450002,0.793233082706767
56310004,0.8648897058823529
2850008,1.2699947245122896
69920003,1.1210862619808306
15300023,1.0
88180008,1.0286327822598664
88870004,0.9500000000000001
19350014,0.5852853843615968
61640018,1.0070482968331915
2840003,0.8709568888134457
50390006,0.993095875708131
85690005,0.9685257446748853
73180027,0.8688888888888889
50390004,0.8665238526818818
68720068,0.9627249357326477
19350019,0.7400732549458754
19330008,1.0
27910008,0.8453681012982142
27910005,1.1065275508688548
23580004,1.3887420718816068
69920013,1.0482738313619098
19330011,0.80456930270148
19330014,1.0
73210011,1.0277623542476402
81240001,0.9780437005925259
32900044,0.838150289017341
46390003,1.1569180616926003
58370002,1.4882136260132552
58370003,1.0273202846105831
58370005,0.7829508196721312
61640010,1.0
2030002,0.8189126867988117
61640017,0.9942096659961276
40000001,0.9301143690444165
61640016,0.9299567772212605
73210006,0.9076699861504979
7670009,0.9934426229508196
